574
1
582
1
588
1
590
1
591
1
592
0
599
0
590
1
591
1
592
0
599
0
590
1
591
1
592
0
599
0
590
1
591
1
592
0
599
0
590
1
591
1
592
0
599
0
590
1
134
1
135
1
146
1
148
1
388
1
207
1
209
1
409
1
410
1
411
1
91
1
94
1
95
1
105
1
108
1
331
1
332
1
333
1
334
1
335
1
337
1
340
1
350
1
331
1
332
1
333
1
334
1
335
1
337
1
340
1
361
1
365
1
730
1
731
1
132
1
149
1
154
1
177
1
189
1
192
1
193
1
196
0
312
1
319
1
322
1
324
1
325
1
671
1
135
1
810
1
821
1
822
1
830
0
830
0
830
1
850
1
143
1
154
1
375
1
100
1
101
1
331
1
332
1
333
1
334
1
335
1
337
1
340
1
120
1
346
1
347
1
348
1
350
1
351
1
353
1
378
1
379
1
380
1
134
1
135
1
146
1
148
1
388
1
207
1
209
1
409
1
410
1
411
1
119
1
122
1
123
1
133
1
136
1
331
1
332
1
333
1
334
1
335
1
337
1
340
1
350
1
331
1
332
1
333
1
334
1
335
1
337
1
340
1
361
1
365
1
730
1
731
1
132
1
149
1
154
1
177
1
189
1
192
1
193
1
196
0
312
1
319
1
322
1
324
1
325
1
671
1
135
1
810
1
821
1
822
1
830
0
830
0
830
1
850
1
143
1
154
1
375
1
100
1
101
1
331
1
332
1
333
1
334
1
335
1
337
1
340
1
120
1
346
1
347
1
348
1
350
1
351
1
353
1
378
1
379
1
380
1
134
1
135
1
146
1
148
1
388
1
207
1
209
1
409
1
410
1
411
1
147
1
150
1
151
1
161
1
164
1
331
1
332
1
333
1
334
1
335
1
337
1
340
1
350
1
331
1
332
1
333
1
334
1
335
1
337
1
340
1
361
1
365
1
730
1
731
1
132
1
149
1
154
1
177
1
189
1
192
1
193
1
196
0
312
1
319
1
322
1
324
1
325
1
671
1
135
1
810
1
821
1
822
1
830
0
830
0
830
1
850
1
143
1
154
1
375
1
100
1
101
1
331
1
332
1
333
1
334
1
335
1
337
1
340
1
120
1
346
1
347
1
348
1
350
1
351
1
353
1
378
1
379
1
380
1
134
1
135
1
146
1
148
1
388
1
207
1
209
1
409
1
410
1
411
1
175
1
178
1
179
1
189
1
192
1
331
1
332
1
333
1
334
1
335
1
337
1
340
1
350
1
331
1
332
1
333
1
334
1
335
1
337
1
340
1
361
1
365
1
730
1
731
1
132
1
149
1
154
1
177
1
189
1
192
1
193
1
196
0
312
1
319
1
322
1
324
1
325
1
671
1
135
1
810
1
821
1
822
1
830
0
830
0
830
1
850
1
143
1
154
1
375
1
100
1
101
1
331
1
332
1
333
1
334
1
335
1
337
1
340
1
120
1
346
1
347
1
348
1
350
1
351
1
353
1
378
1
379
1
380
1
134
1
135
1
146
1
148
1
388
1
207
1
209
1
409
1
410
1
411
1
203
1
206
1
207
1
217
1
220
1
331
1
332
1
333
1
334
1
335
1
337
1
340
1
350
1
331
1
332
1
333
1
334
1
335
1
337
1
340
1
361
1
365
1
730
1
731
1
132
1
149
1
154
1
177
1
189
1
192
1
193
1
196
0
312
1
319
1
322
1
324
1
325
1
671
1
135
1
810
1
821
1
822
1
830
0
830
0
830
1
850
1
143
1
154
1
375
1
100
1
101
1
331
1
332
1
333
1
334
1
335
1
337
1
340
1
120
1
346
1
347
1
348
1
350
1
351
1
353
1
378
1
379
1
380
1
134
1
135
1
146
1
148
1
388
1
207
1
209
1
409
1
410
1
411
1
231
1
234
1
235
1
245
1
248
1
331
1
332
1
333
1
334
1
335
1
337
1
340
1
350
1
331
1
332
1
333
1
334
1
335
1
337
1
340
1
361
1
365
1
730
1
731
1
132
1
149
1
154
1
177
1
189
1
192
1
193
1
196
0
312
1
319
1
322
1
324
1
325
1
671
1
135
1
810
1
821
1
822
1
830
0
830
0
830
1
850
1
143
1
154
1
375
1
100
1
101
1
331
1
332
1
333
1
334
1
335
1
337
1
340
1
120
1
346
1
347
1
348
1
350
1
351
1
353
1
378
1
379
1
380
1
134
1
135
1
146
1
148
1
388
1
207
1
209
1
409
1
410
1
411
1
259
1
262
1
263
1
273
1
276
1
331
1
332
1
333
1
334
1
335
1
337
1
340
1
350
1
331
1
332
1
333
1
334
1
335
1
337
1
340
1
361
1
365
1
730
1
731
1
132
1
149
1
154
1
177
1
189
1
192
1
193
1
196
0
312
1
319
1
322
1
324
1
325
1
671
1
135
1
810
1
821
1
822
1
830
0
830
0
830
1
850
1
143
1
154
1
375
1
100
1
101
1
331
1
332
1
333
1
334
1
335
1
337
1
340
1
120
1
346
1
347
1
348
1
350
1
351
1
353
1
378
1
379
1
380
1
134
1
135
1
146
1
148
1
388
1
207
1
209
1
409
1
410
1
411
1
287
1
290
1
291
1
302
1
304
1
331
1
332
1
333
1
334
1
335
1
337
1
340
1
350
1
331
1
332
1
333
1
334
1
335
1
337
1
340
1
361
1
365
1
730
1
731
1
132
1
149
1
154
1
177
1
189
1
192
1
193
1
196
0
312
1
319
1
322
1
324
1
325
1
671
1
135
1
810
1
821
1
822
1
830
0
830
0
830
1
850
1
143
1
154
1
375
1
100
1
101
1
331
1
332
1
333
1
334
1
335
1
337
1
340
1
120
1
346
1
347
1
348
1
350
1
351
1
353
1
378
1
379
1
380
1
134
1
135
1
146
1
148
1
388
1
207
1
209
1
409
1
410
1
411
1
317
1
322
1
323
1
325
1
9
1
345
1
348
1
331
1
332
1
333
1
334
1
335
1
337
1
340
1
350
1
331
1
332
1
333
1
334
1
335
1
337
1
340
1
361
1
365
1
730
1
731
1
132
1
149
0
232
1
254
1
267
1
269
1
270
1
274
0
312
1
319
1
322
1
324
1
325
1
671
1
135
1
810
1
821
1
822
1
830
0
830
0
830
1
850
1
143
1
154
1
375
1
100
1
101
1
331
1
332
1
333
1
334
1
335
1
337
1
340
1
120
1
346
1
347
1
348
1
350
1
351
1
353
1
378
1
379
1
380
1
134
1
135
1
146
1
148
1
388
1
207
1
209
1
409
1
410
1
411
1
359
1
362
1
363
1
373
1
376
1
332
1
334
1
335
1
337
1
340
1
350
1
331
1
332
1
333
1
334
1
335
1
337
1
340
1
361
1
365
1
730
1
731
1
132
1
149
1
154
1
177
1
189
1
192
1
193
1
196
0
312
1
319
1
322
1
324
1
325
1
671
1
135
1
810
1
821
1
822
1
830
0
830
0
830
1
850
1
143
1
154
1
375
1
100
1
101
1
331
1
332
1
333
1
334
1
335
1
337
1
340
1
120
1
346
1
347
1
348
1
350
1
351
1
353
1
378
1
379
1
380
1
134
1
135
1
146
1
148
1
388
1
207
1
209
1
409
1
410
1
411
1
387
1
390
1
391
1
401
1
404
1
331
1
332
1
333
1
334
1
335
1
337
1
340
1
350
1
331
1
332
1
333
1
334
1
335
1
337
1
340
1
361
1
365
1
730
1
731
1
132
1
149
1
154
1
177
1
189
1
192
1
193
1
196
0
312
1
319
1
322
1
324
1
325
1
671
1
135
1
810
1
821
1
822
1
830
0
830
0
830
1
850
1
143
1
154
1
375
1
100
1
101
1
331
1
332
1
333
1
334
1
335
1
337
1
340
1
120
1
346
1
347
1
348
1
350
1
351
1
353
1
378
1
379
1
380
1
134
1
135
1
146
1
148
1
388
1
207
1
209
1
409
1
410
1
411
1
415
1
418
1
419
1
427
1
432
1
331
1
332
1
333
1
334
1
335
1
337
1
340
1
350
1
331
1
332
1
333
1
334
1
335
1
337
1
340
1
361
1
365
1
730
1
731
1
132
1
149
1
154
1
177
1
189
1
192
1
193
1
196
0
312
1
319
1
322
1
324
1
325
1
671
1
135
1
810
1
821
1
822
1
830
0
830
0
830
1
850
1
143
1
154
1
375
1
100
1
101
1
331
1
332
1
333
1
334
1
335
1
337
1
340
1
120
1
346
1
347
1
348
1
350
1
351
1
353
1
378
1
379
1
380
1
134
1
135
1
146
1
148
1
388
1
207
1
209
1
409
1
410
1
411
1
445
1
449
1
450
1
453
1
403
1
406
1
415
1
423
1
424
1
425
1
213
1
236
1
248
1
252
1
253
1
259
1
298
1
312
1
313
1
314
1
319
1
331
1
332
1
333
1
348
1
349
1
355
1
356
1
361
1
374
1
375
1
386
0
386
0
386
1
409
1
443
1
999
1
3
1
9
1
10
1
472
1
474
1
477
1
479
1
429
1
51
1
52
1
53
1
440
1
998
1
450
1
423
1
424
1
425
1
213
1
236
1
248
1
252
1
253
1
259
1
298
1
312
1
313
1
314
1
319
1
331
1
332
1
333
1
348
1
349
1
355
1
356
1
361
1
374
1
375
1
386
0
386
0
386
1
409
1
443
1
999
1
3
1
9
1
10
1
472
1
474
1
477
1
479
1
464
1
51
1
52
1
53
1
476
1
477
1
478
1
486
1
611
1
613
1
614
0
629
1
499
1
500
0
524
1
563
1
611
1
613
1
614
0
629
1
584
1
588
1
611
1
613
1
614
0
629
1
167
1
168
1
170
1
171
1
177
1
183
1
194
1
132
1
149
1
154
1
177
1
189
1
192
1
193
1
196
0
312
1
319
1
322
1
324
1
325
1
202
1
205
1
611
1
613
1
614
0
629
1
1023
1
8
1
9
1
10
1
224
1
611
1
613
1
614
0
629
1
237
1
301
0
307
1
310
1
318
1
327
1
328
1
423
1
424
1
425
1
213
1
236
1
248
1
252
1
253
1
259
1
298
1
312
1
313
1
314
1
319
1
331
1
332
1
333
1
348
1
349
1
355
1
356
1
361
1
374
1
375
1
386
0
386
0
386
1
409
1
443
1
999
1
3
1
9
1
10
1
472
1
474
1
477
1
479
1
338
1
51
1
52
1
53
1
363
1
369
1
423
1
424
1
425
1
213
1
236
1
248
1
252
1
253
1
259
1
298
1
312
1
313
1
314
1
319
1
331
1
332
1
333
1
348
1
349
1
355
1
356
1
361
1
374
1
375
1
386
0
386
0
386
1
409
1
443
1
999
1
3
1
9
1
10
1
472
1
474
1
477
1
479
1
687
1
51
1
52
1
53
1
698
1
998
1
708
1
711
1
377
1
382
1
383
1
390
1
704
1
710
1
611
1
613
1
614
0
629
1
1023
1
8
1
9
1
10
1
734
1
423
1
424
1
425
1
213
1
236
1
248
1
252
1
253
1
259
1
298
1
312
1
313
1
314
1
319
1
331
1
332
1
333
1
348
1
349
1
355
1
356
1
361
1
374
1
375
1
386
0
386
0
386
1
409
1
443
1
999
1
3
1
9
1
10
1
472
1
474
1
477
1
479
1
749
1
998
1
754
1
1023
1
8
1
9
1
10
1
769
1
51
1
52
1
53
1
779
1
791
1
611
1
613
1
614
0
629
1
795
1
922
1
807
1
1023
1
8
1
9
1
10
1
815
1
423
1
424
1
425
1
213
1
236
1
248
1
252
1
253
0
509
1